-5
40
605
5
235
185
275
170
375
250
465
240
425
305
465
295
150
365
280
355
237
515
332
495
407
590
452
570
162
665
267
640
297
795
332
780
197
940
302
920
222
1055
277
1035
327
1115
362
1085
237
1170
257
1150
292
1270
322
1245
325
1305
385
1245
410
1295
560
1255
560
1290
705
1260
702
1290
992
1280
390
110
460
40
475
380
530
40
990
1290
1755
1280
1645
1310
1660
1290
1665
1335
1675
1290
1675
1345
1710
1290
1715
1395
1735
1290
1750
1420
1775
1290
1785
1415
1815
1290
1815
1425
1860
1290
1895
1495
1915
1420
1940
1550
1950
1475
1960
1560
2065
1420
1865
1455
1885
1425
1920
1520
1935
1480
2137
1665
2172
1480
2172
1680
2327
1555
2337
1840
2387
1825
2352
1875
2432
1845
2402
1890
2527
1830
2545
1965
2590
1890
2700
2150
2745
1890
2745
2180
2790
2125
2687
2125
2697
2070
2790
2135
2870
2125
2870
2165
2880
2125
2925
2340
2945
2125
2960
2370
2965
2125
2975
2380
3000
2350
3025
2400
3035
2305
3072
2460
3092
2380
3102
2505
3112
2395
3132
2535
3142
2390
3182
2580
3192
2440
3227
2605
3237
2545
3262
2620
3327
2515
2080
1600
2115
1545
3480
2600
3595
2575
3690
2650
3700
2575
3705
2640
3725
2575
3785
2640
3810
2590
3875
2720
3925
2575
4100
2730
4125
2720
4267
2665
4317
2600
4317
2685
4372
2570
50
40
0
435
110
160
90
395
130
285
100
630